%Êý¾Ý½Å±¾
Q=[0.7171,0.8964,1.0202,1.1962,1.4928,1.6909,1.8531,2.1618,2.6635,3.4515,4.5006];
q=Q/1.6909;
K=[0.2469,0.3386,0.3846,0.4322,0.5495,0.6095,0.6444,0.7517,0.9636,1.4998,1.8944];
k=K/0.6095;
L=[4.8179,4.9873,5.1282,5.2783,5.4334,5.5329,5.6740,5.8360,5.9432,6.0220,6.1470];
l=L/5.5329;